3604050119, 2194189230, 2490974745, 1854628247, 2249917983, 317740264, 179910928, 2192649209, 1088438404, 2248266648, 244192466, 448456302, 646930778, 2327867782, 3461320192, 2686198493, 2455633937, 2920176048, 2062421171, 1626069880,
1982711214, 3771456425, 3528061890, 348479586, 2562015778, 3056818642, 2187467040, 2321321435, 1050128469, 1716330354, 917766886, 3295642243, 547423272, 2826990368, 2890776326, 3936523659, 679882996, 1012695442, 504197512, 581049545,
348526434, 1314183079, 2801361954, 2193804572, 1081538269, 781446452, 1080950641, 3706694798, 4141804665, 1526713346, 1041494985, 911863756, 4162481256, 2990412332, 2655736727, 3752608546, 880192735, 2154734770, 2393865349, 601357672,
2862376937, 271343925, 2961463322, 4243275004, 3170323071, 1040250919, 1985732671





































