3604050119, 3362973087, 806259284, 2221083644, 1455893479, 347904183, 3659472424, 2163027963, 3975698951, 1446907696, 2463782003, 917766886, 317740264, 3263272389, 3805213360, 1854628247, 2249917983, 1343668679, 1626069880, 4001066250, 619134064, 3237254784,
2062421171, 2956301370, 2990412332, 878472657, 1413543311, 2485650526, 2920176048, 880192735, 251209718, 2087401158, 1916960936, 2460851941, 3390197540, 2154734770, 1960515715, 211425799, 1053298107, 2316748962, 1088438404, 3069525616, 1391442157, 4069244383,
3797401934, 4029268917, 714560849, 4198694748, 1054525977, 2086661639, 1343068331, 3509743090, 1546438208, 1283357002, 3100592778





















