3604050119, 453109541, 917766886, 3095432039, 351757738, 448456302, 3905579901, 317740264, 2327867782, 3461320192, 4270249128, 3771456425, 619134064, 110951309, 1684377051, 4006246299, 1450873002, 3289295958, 1314183079, 5688686, 1879998419, 3900643408, 3188890805,
911863756, 1450961849, 271343925, 2726623839, 1912811640, 2522806149, 2705443, 1416365401, 4207609409, 3395543998, 4275350127, 3500058655, 1905082090, 552970705, 1918051651, 1040250919, 3087344484, 644179342, 3628046531, 1343068331, 2115627525, 3602848814, 1351615980,
3390197540, 1992742843, 3258821700, 3331501145, 1456657704, 445335181, 3936681304, 1054525977, 2086661639, 1989147580, 1445289137, 3733609152, 786284800, 3359373049, 372945921, 4202842110, 2129013372, 4265423143, 22685, 510212272





















